           1       63324
           2       63324
           3       63324
           4       63324
           5       63324
           6       63324
           7       63324
           8       63324
           9       63324
          10       63324
          11       63324
          12       63324
          13       63324
          14       63324
          15       63324
          16       63324
          17       63324
          18       63324
          19       63324
          20       63324
          21       63324
          22       63324
          23       63324
          24       63324
          25       63324
          26       63324
          27       63324
          28       63324
          29       63324
          30       63324
          31       63324
          32       63324
          33       63324
          34       63324
          35       63324
          36       63324
          37       63324
          38       63324
          39       63324
          40       63324
          41       63324
          42       63324
          43       63324
          44       63324
          45       63324
          46       63324
          47       63324
          48       63324
          49       63324
          50       63324
          51       63324
          52       63324
          53       63324
          54       63324
          55       63324
          56       63324
          57       63324
          58       63324
          59       63324
          60       63324
          61       63324
          62       63324
          63       63324
          64       63324
